time,x,y,z,phi,theta,psi,x_velocity,y_velocity,z_velocity,phi_velocity,theta_velocity,psi_velocity,rotor_speed1,rotor_speed2,rotor_speed3,rotor_speed4
0.06,-5.39496007209e-06,7.88233229869e-07,9.99973777724,0.000327622146791,0.00189761673457,0.0,-0.000330880066644,4.99658834606e-05,-0.00874087139366,0.00518392746056,0.0139378031468,0.0,399.7684145073053,401.0362172169628,401.2003544552485,401.6706681682615
0.12000000000000001,-7.355657898e-05,1.28247903209e-05,10.0044415214,0.000646934674282,0.0029464637387,0.0,-0.00206692090113,0.000390456026238,0.165522257991,0.00242373635114,0.00754619008297,0.0,460.1152141516712,459.6089966438317,459.96609717632174,459.747454445125
0.18,-0.000289532722738,5.34860866345e-05,10.0221552852,0.00083236833048,0.00686305790163,0.0,-0.00559990364097,0.000986539750953,0.424873833225,0.00372199349609,0.02676916553,0.0,483.61176895646264,485.0571755180059,485.39177242877093,485.48911661812167
0.23999999999999996,-0.000777286297491,0.000131736864616,10.0489810544,0.00189970642146,0.0125774712209,0.0,-0.0112163085806,0.00171350838079,0.469295845801,0.0126572107465,0.00333327959804,0.0,420.16517985727927,418.12878272179256,418.67197862388184,419.4484518340918
0.3,-0.00170606063712,0.000275379868045,10.0793773813,0.00276422354341,0.0138750122859,0.0,-0.0198824143529,0.00315695001079,0.543879946506,0.0152055454132,-0.00940551940943,0.0,429.9658330683815,428.8854246423767,428.5131851306042,428.7296167397111
0.36000000000000004,-0.00319800170075,0.000530192030668,10.11575448,0.0044761192664,0.0145600268469,0.0,-0.0299087369083,0.00550832662053,0.66862326473,0.0238740105292,0.00169741612069,0.0,444.2929524077975,445.2022825995643,444.9620514154058,445.670965144637
0.4200000000000001,-0.00529845535556,0.000959745644702,10.158986885,0.00598364889276,0.0156036303316,0.0,-0.0402027910834,0.00896897335867,0.772389644823,0.0194411407537,0.0111956286379,0.0,437.8958814756333,438.6850962151472,439.0887407831942,438.720923604905
0.48000000000000015,-0.0080133176981,0.00161982859117,10.2068946912,0.00777021527574,0.0163042247335,0.0,-0.050361889843,0.0132125278009,0.824498294779,0.00953179982864,0.00778140030938,0.0,421.1910583337171,420.89559731375215,423.5546268733146,422.70158486542834
0.5400000000000001,-0.0114083595339,0.0025899580093,10.2611658251,0.00851505265917,0.0181882359266,0.0,-0.0629999299866,0.0192027837051,0.984410870357,0.0130425874717,0.0196770124408,0.0,455.50810202558694,456.4581564906903,456.4022733463168,456.6822297553906
0.6000000000000002,-0.0155560715912,0.00391331193594,10.3223378887,0.00928569102668,0.0205679165161,0.0,-0.0754777875212,0.0249846896377,1.05459018458,0.011942662168,0.030532099922,0.0,427.7483097905819,428.6716983412361,428.58847756370216,428.4948799687365
0.6600000000000003,-0.0205510612511,0.00564326057218,10.3902210244,0.0147359650312,0.0226064342246,0.0,-0.0912387001365,0.0333051979376,1.20801881933,-0.0131211957275,0.0344536048808,0.0,454.2890261479804,454.6036672988492,456.0104382256947,454.0040857037334
0.7200000000000003,-0.0265469768424,0.00797437220331,10.4675086247,0.0153461309258,0.0260200044032,0.0,-0.10898699168,0.0444502447547,1.36804604556,-0.00131609091163,0.0460206672948,0.0,456.31751332287627,457.24053406714944,456.93547559581316,457.87562065698813
0.7800000000000004,-0.0336959028083,0.0109927359941,10.5548365534,0.0152732502672,0.0292664687954,0.0,-0.129664647456,0.0561530329386,1.54265452161,-0.00398913260686,0.052544877452,0.0,460.22179160806974,460.7391803012532,463.4484281501426,463.2383475418098
0.8400000000000004,-0.0419589157302,0.014609843139,10.6458333049,0.015810368089,0.0332925429093,0.0,-0.146084483222,0.0644693848661,1.49062859026,-0.0149161883224,0.0616521455358,0.0,388.83158054116825,389.68634927730824,387.8121738095854,386.78461489025847
0.9000000000000005,-0.0514457223713,0.0188065472544,10.7383305443,0.0162657215522,0.0410593266237,0.0,-0.170956268295,0.0754526357293,1.59244343765,-0.00333030384675,0.0383258479702,0.0,441.5675537079432,439.6412251688625,438.6261487618965,439.587301979024
0.9600000000000005,-0.0626520749131,0.0237054286666,10.8388885968,0.016822532997,0.0453449798025,0.0,-0.20304291759,0.087913263481,1.75922551925,-0.0141342089708,0.0526102161058,0.0,460.7273031599541,461.8561710006117,459.74767822336497,458.8910369357997
1.0200000000000005,-0.0758421005913,0.0293472176571,10.9486862076,0.0166136209079,0.0484928589437,0.0,-0.236956140157,0.100111183595,1.90045137884,-0.00649471040866,0.0520365421864,0.0,454.01666601673304,453.9723636244294,451.85814979821197,452.4736702819436
1.0800000000000005,-0.0912856232119,0.0357661932122,11.0699841156,0.0162163739696,0.0518669986966,0.0,-0.278217853945,0.113800485844,2.14236561081,-0.00842421372106,0.0564642401008,0.0,483.9991903708203,484.3339224900432,483.0054315380476,482.8600174474393
1.1400000000000006,-0.109120042746,0.0429903612657,11.2025642538,0.0266976805086,0.0552554552327,0.0,-0.316613257644,0.128162703262,2.2766642367,-0.0459540457257,0.0564939704601,0.0,452.65289269167965,452.65739769371515,453.7482285866589,450.7253198281294
1.2000000000000006,-0.129267875255,0.0512208621906,11.3420083292,0.0247905742287,0.0593470960432,0.0,-0.355377886827,0.145999473554,2.37125432109,-0.0573257102458,0.0645500325952,0.0,440.15158382630284,440.82026699710906,441.36172289130093,440.42063720535566
1.2600000000000007,-0.152027944834,0.0605682225758,11.4904282076,0.0245195865742,0.064196395542,0.0,-0.403824297947,0.165513468333,2.57559343966,-0.0389896916134,0.0742398362782,0.0,473.67150666037895,474.41921108518784,474.5055364966656,475.90950442289414
1.3200000000000007,-0.177771737346,0.0710575343676,11.6504759208,0.0224265906658,0.0694531812446,0.0,-0.454867058215,0.183873727755,2.75886006146,-0.0346215137296,0.0829251398916,0.0,468.866211577108,469.5448601803229,469.3999604500883,469.73822798284766
1.3800000000000008,-0.206703367245,0.0826010138147,11.8215588046,0.0203646854027,0.0744464958364,0.0,-0.51006550357,0.200659926376,2.94339472338,-0.0340087642607,0.0798330836907,0.0,471.0297317169339,470.795577248235,470.5382378441953,470.5852492315533
1.4400000000000008,-0.239110384001,0.0951505545728,12.0043182653,0.0266870296242,0.079525285138,0.0,-0.57073428862,0.218351957332,3.14796244043,-0.00350736373995,0.0726244785198,0.0,478.7421481709861,478.1976433691434,475.7649354226038,478.09446295215974
1.5000000000000009,-0.275086992271,0.108834082986,12.1969757569,0.0291309847161,0.0844459996664,0.0,-0.628973081537,0.238032564118,3.27353081606,-0.0225949972617,0.0797324842286,0.0,455.66510149510185,456.23724320993966,455.368378732988,453.8389809095255
1.560000000000001,-0.314310082653,0.123657404991,12.3930139466,0.0417846450483,0.0892672846409,0.0,-0.678884014886,0.257124478656,3.26101638879,0.0172240618467,0.0760985848819,0.0,411.6703736441443,411.35415207150214,409.91290252385534,413.4364207291591
1.620000000000001,-0.356928474798,0.139953196895,12.5916323216,0.0437813831429,0.0973243699916,0.0,-0.742546665473,0.286244280981,3.35919337302,0.0268422855083,0.0543949649759,0.0,448.1785933258133,446.41464066793446,448.0466217051821,448.82792096721
1.680000000000001,-0.403555159702,0.158052961985,12.7965145342,0.0453952342979,0.101132923445,0.0,-0.812052434026,0.317231978646,3.46980307452,0.0242864665765,0.0450201191585,0.0,452.58466771002446,451.8311073721857,453.0259634808409,452.8205214090314
1.740000000000001,-0.454718776462,0.178253380608,13.0108435168,0.0657121268996,0.104297543285,0.0,-0.893704882606,0.358411485399,3.6736523479,0.070674127432,0.0513730160833,0.0,481.63908850489804,482.12048524984306,479.4162365735214,482.9289168200667
1.8000000000000012,-0.510541514022,0.201145430847,13.2341624186,0.0744998721642,0.113263111811,0.0,-0.967905109336,0.405541118762,3.76978188969,0.0460832351355,0.0767700940717,0.0,449.1635223453308,451.22114258710974,452.35302538731196,450.37112539566425
1.8600000000000012,-0.571104650879,0.227114919711,13.4642275055,0.0824317585047,0.118309693474,0.0,-1.05135064844,0.460882634993,3.89843531994,0.0698121814765,0.082937530761,0.0,462.21118150299924,462.7017118203852,460.4393874305298,462.31481320633173
1.9200000000000013,-0.63713168416,0.256789383077,13.7047232781,0.0866167672529,0.127348377732,0.0,-1.15051421527,0.528684830694,4.1170662003,0.0676146055256,0.103848800906,0.0,489.2091204918413,490.7697587123075,489.9136735893523,489.75337088910334
1.9800000000000013,-0.708403696928,0.290010884217,13.9512238148,0.0908459574513,0.134601967143,0.0,-1.22583744766,0.579051073143,4.0994979768,0.0617111661242,0.113790862392,0.0,418.2593661537423,419.13528576184194,418.52572967704805,418.01503490710815
2.0400000000000014,-0.785158595279,0.326945089106,14.2024065381,0.115645229748,0.152575002233,0.0,-1.33454651475,0.654841664456,4.2719110753,0.0101816840263,0.149181179026,0.0,478.62555031313656,481.32479768253046,480.12958562707064,476.204951227814
2.1000000000000014,-0.86783154751,0.368153784046,14.4575497476,0.117162559579,0.162027036102,0.0,-1.42200736595,0.71888361043,4.23276855345,0.0194798275283,0.155827586574,0.0,413.8807114293181,414.4887476647433,413.84807756304394,414.66569683498767
2.1600000000000015,-0.956409092933,0.413577465649,14.713285592,0.118724946163,0.172438306226,0.0,-1.53152732429,0.795328957714,4.29121848085,0.0113032694869,0.165977129643,0.0,446.9380472444453,447.7884543123598,446.638624778735,445.97111504040276
2.2200000000000015,-1.05175592806,0.463604744553,14.9724466631,0.119561711633,0.182540948555,0.0,-1.6476213101,0.872260345484,4.3469389313,0.0055790871992,0.169103184443,0.0,447.40878643057505,447.6897090126667,446.9581664969127,446.49123303428377
2.2800000000000016,-1.15369707652,0.517877569137,15.2317450437,0.120558025577,0.199755646819,0.0,-1.75183812126,0.936882751954,4.29609079607,-0.00461130465364,0.138753152619,0.0,413.4280815282684,410.77121105077435,414.2430681044177,413.3458345388302
2.3400000000000016,-1.26293211781,0.576531562998,15.4917556876,0.131024008446,0.208495360499,0.0,-1.8901282851,1.01915585017,4.37013851759,0.0301130700237,0.130397886651,0.0,455.6167349467728,454.96478076335984,453.13712423700497,455.9202812837493
2.4000000000000017,-1.38045486568,0.640190822396,15.7552529745,0.136647000782,0.217701224108,0.0,-2.02812557275,1.10328059423,4.41246139595,0.00747971120027,0.116263361318,0.0,447.18246244602585,446.04378143055357,447.2228290042254,445.375340612399
2.4600000000000017,-1.50631078345,0.708906897739,16.0207035645,0.137916135676,0.22472175142,0.0,-2.16768795981,1.18730322346,4.43542676782,-0.00371434708486,0.112453236126,0.0,441.9883712809504,441.68609842712954,441.56410819867415,440.639501869745
2.520000000000002,-1.64121921698,0.782998012366,16.2898291151,0.137728924686,0.23183210852,0.0,-2.32987831583,1.28225221892,4.53460899464,-0.00730551324462,0.117962289942,0.0,466.612644659913,467.0535260468788,466.91694405656756,466.63674764661704
2.580000000000002,-1.78448079996,0.86188408345,16.5584613047,0.137290946599,0.23922678237,0.0,-2.44614383286,1.34725083222,4.41994985374,-0.00728800535316,0.123044358285,0.0,396.1308008231099,396.6127315368092,396.99981692898365,397.0015292682757
2.640000000000002,-1.93635556662,0.945511656454,16.8263074701,0.140056396494,0.247656245997,0.0,-2.61710326087,1.44045214272,4.50735305947,0.0111530138432,0.110571585739,0.0,464.80127265699736,463.83468856134886,464.4305184347737,465.8748641793179
2.700000000000002,-2.09865837749,1.03477033552,17.0993237189,0.141801398928,0.254359444467,0.0,-2.79356333878,1.53485780405,4.59232620198,0.0213783387212,0.106254785261,0.0,466.46437152121223,466.1369930032416,464.9963805986423,465.7967208419278
2.760000000000002,-2.27194793804,1.12981281209,17.3780154835,0.145120488658,0.281510382155,0.0,-2.98536822597,1.63328045395,4.69564641663,0.0358564625502,0.0551090711782,0.0,476.0151709040758,472.0908022239708,473.2143130165103,474.3277585644518
2.820000000000002,-2.45656198424,1.23047070863,17.6604995547,0.147463515624,0.285591452545,0.0,-3.16875624091,1.72208957343,4.71989044467,0.0297129075536,0.0636238731469,0.0,451.46596549221584,452.1548497660632,452.24763209615617,451.7528810747831
2.880000000000002,-2.65232075596,1.33653900036,17.9445556548,0.15772709219,0.290200228608,0.0,-3.35689004735,1.81431305615,4.74784218343,0.0604366194242,0.0722419360743,0.0,453.1946650878475,453.8901547408752,454.3352767841801,456.7932081464263
2.940000000000002,-2.86043061478,1.44880294227,18.2333412064,0.162818878373,0.297760512341,0.0,-3.58070182506,1.92810132381,4.87691009202,0.0725520787527,0.0513303108914,0.0,488.75695998143607,487.1984497187632,487.8498503939108,488.75643982400504
3.000000000000002,-3.07914556811,1.56640369373,18.520207142,0.167433886806,0.301774715082,0.0,-3.71033751515,1.99223840698,4.6857172119,0.0770846057814,0.039473271699,0.0,381.95814455467166,380.82715147755687,381.9126703891032,382.3501087229565
3.0600000000000023,-3.30732474175,1.68876498504,18.8006775451,0.172145895804,0.305289826878,0.0,-3.8959577466,2.0867561271,4.66280750313,0.0793298573567,0.0500648338814,0.0,441.94690182477314,442.82024375771215,440.8715172850117,441.06189764122433
3.1200000000000023,-3.54617915138,1.8165667335,19.0780211797,0.176999073179,0.308528743395,0.0,-4.06624255698,2.17360806037,4.58178321406,0.0745730476784,0.0434199512471,0.0,423.62708423082296,423.0567133979618,422.3636224667343,421.95824053339214
3.1800000000000024,-3.7953779133,1.94965350071,19.3505439925,0.181483322283,0.320184845275,0.0,-4.24131423188,2.26283007584,4.50180315787,0.0749927891735,0.075197649228,0.0,421.8278268484813,424.5658783453569,424.4172849884176,424.45797408886483
3.2400000000000024,-4.0575869266,2.08940851079,19.6250590952,0.1864034119,0.324794321677,0.0,-4.49921882921,2.39587665669,4.64711867683,0.0809967496852,0.0776241981246,0.0,497.8037437512707,497.98517686410446,498.5025262625241,498.94511807916393
3.3000000000000025,-4.33303864992,2.23594263944,19.9013328857,0.195841201597,0.330137181926,0.0,-4.68302571067,2.48918482851,4.5615734763,0.103265306251,0.0855719322455,0.0,426.2362734054668,426.9205979334612,425.67813989671214,427.58682247722504
3.3600000000000025,-4.62059803128,2.38874282367,20.1751578387,0.202317601907,0.335356219609,0.0,-4.902718236,2.60450011359,4.56498322495,0.107989112205,0.0809643782658,0.0,458.6029627423604,458.24230347330376,457.50893121756843,457.89420709601455
3.4200000000000026,-4.92088978225,2.54822949471,20.4474966782,0.211260292379,0.340215523911,0.0,-5.10746777391,2.71225605537,4.51228528963,0.124023309516,0.0784933752004,0.0,441.6884833969823,441.48981182231284,440.32757160354123,441.6638808384064
3.4800000000000026,-5.2347642882,2.71500641921,20.7198358165,0.220536543437,0.346440378166,0.0,-5.35543619954,2.84751074007,4.56422220818,0.137709517898,0.0908306411878,0.0,477.3218356920626,478.2676504382731,476.9950889455718,478.0531974404531
3.5400000000000027,-5.56244635443,2.88930169502,20.9918805271,0.22878709643,0.351921734161,0.0,-5.56780693999,2.96277522881,4.50317514363,0.136506992278,0.0919155598212,0.0,443.10983060067633,443.20603748292075,443.5772676509737,443.49597686194994
3.6000000000000028,-5.90325568608,3.07081383021,21.2608424587,0.249785687475,0.357510135279,0.0,-5.79293760931,3.08905883581,4.46091910216,0.1745287195,0.0875122617605,0.0,451.04980278052324,450.70068999853356,451.32069809298645,454.4003684615866
3.660000000000003,-6.25788600637,3.26031337316,21.5275909355,0.260351266754,0.36317909802,0.0,-6.02853248657,3.22814572776,4.4295240771,0.176892028662,0.0791264369448,0.0,459.08345043031125,458.4230623716899,457.95804720302164,458.17461839576936
3.720000000000003,-6.62740167396,3.45871582826,21.7938756003,0.27138658609,0.369579973695,0.0,-6.2890873248,3.3858180603,4.44499716303,0.168475713306,0.0637896597252,0.0,477.54118502710077,476.3734652266076,476.82531817174055,476.2087037780975
3.780000000000003,-7.01141729757,3.66586384896,22.0577550232,0.28972482642,0.37392463798,0.0,-6.51184643841,3.52018744148,4.34993716459,0.198722966657,0.0705588996939,0.0,441.9618707575136,442.5228610023518,442.22777441669024,444.74382858074347
3.840000000000003,-7.40862251625,3.88108572182,22.3150824941,0.302543767228,0.378265943468,0.0,-6.72882277291,3.65451113681,4.2268854329,0.207957626536,0.0655672317091,0.0,435.77625636289815,435.3623752568481,434.57680183758225,435.391264634929
3.900000000000003,-7.81819299625,4.10392450785,22.563059437,0.31515602838,0.383799364148,0.0,-6.92419907146,3.77403329855,4.0385989512,0.210953802887,0.0504612155603,0.0,412.89771132801,411.56536879816,413.3070341986452,413.6176497749353
3.960000000000003,-8.24169036865,4.33563755168,22.8044714369,0.328705218192,0.394489125397,0.0,-7.19304620086,3.95020706863,4.00651877332,0.220167662946,0.0796070550733,0.0,469.5944627332683,471.85290225182985,470.27005120017435,471.02578276283543
4.020000000000002,-8.68153610685,4.57809196185,23.0437805806,0.343201670136,0.399256450948,0.0,-7.46876390127,4.13220048193,3.96872419362,0.231448546201,0.0778154388761,0.0,473.31926402059327,473.18589884320727,472.4583027457108,473.3738912181911
4.080000000000001,-9.13783354122,4.83146188582,23.2801256294,0.358000503259,0.406184161124,0.0,-7.74156606276,4.31399590763,3.90764283489,0.21971733566,0.093122354468,0.0,469.08646881857885,470.27916415309477,469.173460945382,468.31003894438174
4.14,-9.60980133637,5.09520350671,23.5107468467,0.373339992272,0.411763585943,0.0,-7.99116275115,4.47795433969,3.7784166461,0.202384650198,0.0926227930278,0.0,449.2245015857115,449.1911716807896,449.87125875877746,448.50988364527876
4.199999999999998,-10.0980785738,5.36991760722,23.7359818034,0.385471291713,0.417309237878,0.0,-8.28503179376,4.67936498021,3.72751232621,0.201355692722,0.0916106656491,0.0,480.04543094907274,479.97508194084674,480.30730243642154,480.26591824919166
4.259999999999997,-10.601632605,5.65469865614,23.9527515361,0.398593010756,0.422795435527,0.0,-8.50080401351,4.81371929503,3.49758462732,0.211392115861,0.0908440414006,0.0,418.0144781856188,417.9552288603498,418.5583727396269,419.47514917065996
4.319999999999996,-11.1199246896,5.94904736482,24.1589448726,0.416291787516,0.433407855632,0.0,-8.77614214474,4.99828991822,3.3734477065,0.185629148706,0.114560366697,0.0,460.1171133331649,461.9995196461592,461.79826302784517,459.7997803987279
4.379999999999995,-11.6565285079,6.25599324235,24.3605943612,0.42743030376,0.440881802838,0.0,-9.11086474528,5.23296173066,3.34565730898,0.185666883072,0.104787566297,0.0,500.7172750790774,500.01505870124265,499.02762804861044,499.05968166182964
4.439999999999993,-12.2108094699,6.57480416098,24.5553588343,0.438586113542,0.450405833965,0.0,-9.36582980443,5.39399097348,3.14522720548,0.186292820536,0.123331589819,0.0,442.3236675330521,443.8597281415112,443.03069252132667,443.11581192117586
4.499999999999992,-12.7804554262,6.90320625125,24.7377138013,0.45258581869,0.458539742562,0.0,-9.62296443466,5.55280990042,2.93195382372,0.166649848675,0.112669129211,0.0,441.6420571860105,440.7744504232413,442.6277123028814,441.03907233717916
4.559999999999991,-13.3664016145,7.24184820493,24.9083668431,0.478675998212,0.465287952286,0.0,-9.90879500198,5.73591601231,2.75419675565,0.121489965136,0.111372602157,0.0,459.30819370363884,459.21605288331733,461.0750619902434,457.5130562755419
4.6199999999999894,-13.969460275,7.59146862753,25.0677434857,0.490556597189,0.478129687255,0.0,-10.1937220936,5.91760685699,2.55646481192,0.143792009477,0.137385180167,0.0,456.663452701546,458.74706564337976,455.6666737631432,457.46148326310583
4.679999999999988,-14.5890807958,7.95131819576,25.2137616694,0.512144879049,0.493883322682,0.0,-10.4607612964,6.07725453718,2.30861996667,0.182046410782,0.166229244667,0.0,441.6926258294601,444.0863850855275,441.0799907350469,444.2526741723912
4.739999999999987,-15.2245458612,8.32045476411,25.3440478152,0.523143817352,0.505399422728,0.0,-10.7220371192,6.22680925468,2.03297632015,0.184098084384,0.178685479926,0.0,435.9559766428486,437.0243799779095,436.79372481121464,436.99781788317864
4.799999999999986,-15.8759317686,8.69856613214,25.4577146588,0.534989105369,0.517933186792,0.0,-10.9913898775,6.37629578119,1.75443787863,0.192764510634,0.16268706394,0.0,439.82370284271826,438.5254441154163,439.0737267932972,439.82681174296107
4.859999999999984,-16.543604075,9.08552593069,25.5543773191,0.547221833799,0.536164878134,0.0,-11.2648278442,6.52145411858,1.46572710711,0.182537389279,0.129581550392,0.0,440.89832266110994,438.1754795941091,440.1699023720082,439.3576782404898
4.919999999999983,-17.2267896141,9.48016258437,25.6319463637,0.562649495819,0.543945595713,0.0,-11.5086850522,6.63281646793,1.11907876302,0.204541546013,0.126917496006,0.0,419.12912030565434,418.913652929542,417.3567447819032,419.31130501063114
4.979999999999982,-17.9252216032,9.88183173714,25.6892057468,0.575039861288,0.560648667581,0.0,-11.7728275284,6.75524669159,0.788024932408,0.199392007948,0.158762069111,0.0,428.15117090243507,430.8715197332367,428.7291521986754,428.33323535809336
5.0399999999999805,-18.6404102131,10.2913719511,25.7273895223,0.587311189393,0.570168259557,0.0,-12.0671568109,6.89523144295,0.4832965646,0.191995515891,0.158401653909,0.0,446.0632597205382,446.05758505048715,445.04443526987683,444.47623862695633
